         stars     FeH   FeH_sig       C   C_sig      Mg   Mg_sig      Fe   Fe_sig      Sr   Sr_sig       Y   Y_sig      Zr   Zr_sig    Nb   Nb_sig     Mo   Mo_sig    Ru   Ru_sig      Ba   Ba_sig      La   La_sig      Ce   Ce_sig    Pr   Pr_sig      Nd   Nd_sig    Sm   Sm_sig      Eu   Eu_sig    Dy   Dy_sig      Pb   Pb_sig   Type  
      HD105671    0.10      0.25    0.01    0.09    0.01     0.11    0.04     0.09    0.19     0.11   -0.06    0.12    0.16     0.14   nan      nan   0.21     0.14   nan      nan   -0.03     0.13    0.17     0.16   -0.07     0.20   nan      nan    0.31     0.16   nan      nan    0.26     0.14   nan      nan    0.21     0.18      B  
     BD+412150   -0.48      0.18    0.37    0.05    0.04     0.16   -0.50     0.18    0.52     0.15    0.60    0.15    0.91     0.13   nan      nan   0.89     0.13   nan      nan    1.40     0.12    1.38     0.14    1.20     0.10   nan      nan    1.20     0.09   nan      nan    0.32     0.16   nan      nan    0.92     0.18      C  
      HD116514   -0.04      0.17    0.00    0.19    0.20     0.11   -0.04     0.11    0.12     0.14   -0.26    0.10    0.20     0.11   nan      nan   0.50      nan   nan      nan   -0.23     0.13    0.30     0.20   -0.20     0.19   nan      nan    0.30      nan   nan      nan   -0.20     0.20   nan      nan    0.90      nan      N  
      HD196673    0.00      0.14   -0.05    0.13    0.14     0.20   -0.15     0.22    0.15     0.12   -0.35    0.23   -0.07     0.17   nan      nan   0.15     0.19   nan      nan   -0.35     0.22   -0.15     0.13   -0.10     0.14   nan      nan   -0.05     0.14   nan      nan   -0.15     0.16   nan      nan     nan      nan      B  
     CD-621346   -1.33      0.10    0.91    0.07    0.31     0.11   -1.36     0.18    0.54     0.14    0.41    0.11    0.51     0.16   nan      nan   0.81      nan   nan      nan    1.41     0.13    1.03     0.11    1.04     0.11   nan      nan    1.31     0.18   nan      nan    0.51     0.11   nan      nan    2.06     0.14      C  
  TYC825811891   -0.08      0.08   -0.24    0.11    0.01     0.16   -0.09     0.22    0.21     0.15   -0.02    0.11    0.14     0.13   nan      nan   0.31     0.20   nan      nan    0.29     0.12    0.26     0.14    0.26     0.14   nan      nan    0.36     0.14   nan      nan    0.21     0.16   nan      nan    0.41      nan      N  
       HD50264   -0.17      0.07    0.31    0.09    0.07     0.11   -0.23     0.13    0.84     0.09    0.41    0.13    0.93     0.10   nan      nan   0.96     0.15   nan      nan    0.99     0.11    1.03     0.09    0.89     0.06   nan      nan    0.78     0.14   nan      nan    0.26     0.11   nan      nan    1.16     0.18      B  
      HD135148   -1.41      0.19    0.61    0.11    0.27     0.06   -1.45     0.18    0.37     0.26   -0.06    0.15    0.04     0.16   nan      nan   0.24     0.26   nan      nan    0.14     0.13    0.12     0.16    0.07     0.11   nan      nan    0.14     0.14   nan      nan    0.14     0.18   nan      nan     nan      nan      C  
  TYC225010471   -0.31      0.19    0.28    0.09    0.31     0.16   -0.29     0.06    0.71     0.10    0.38    0.13    0.40     0.11   nan      nan   0.74     0.18   nan      nan    0.98     0.12    0.96     0.10    0.83     0.10   nan      nan    0.93     0.11   nan      nan    0.38     0.11   nan      nan    1.18     0.18      N  
         HRCMa   -0.23      0.12    0.21    0.07    0.25     0.11   -0.34     0.25    0.94     0.18    0.85    0.18    1.04     0.11   nan      nan   0.81     0.13   nan      nan    1.40     0.13    1.02     0.13    0.97     0.09   nan      nan    1.01     0.14   nan      nan    0.31     0.11   nan      nan    1.11     0.18      B  
      HD209621   -1.60      0.30    1.46    0.21    0.76     0.20   -1.75     0.25    1.10     0.23    0.95    0.25    1.26     0.16   nan      nan   1.26      nan   nan      nan    1.51     0.11    1.83      nan    1.89     0.18   nan      nan    1.86     0.20   nan      nan    1.06     0.20   nan      nan    2.06     0.22      C  
       HD51273   -0.31      0.12    0.11    0.21    0.08     0.09   -0.37     0.20   -0.14     0.17   -0.24    0.12    0.16     0.25   nan      nan   0.46      nan   nan      nan   -0.13     0.20    0.26     0.14   -0.22      nan   nan      nan    0.29     0.25   nan      nan    0.46      nan   nan      nan     nan      nan      N  
         PVUMa   -0.32      0.13   -0.13    0.10    0.19     0.20   -0.29     0.25    0.47     0.15    0.14    0.13    0.04     0.19   nan      nan   0.37     0.19   nan      nan    0.62     0.12    0.62     0.13    0.27     0.14   nan      nan    0.47     0.16   nan      nan   -0.08     0.16   nan      nan     nan      nan      B  
   TYC19877531   -1.80      0.25    1.30    0.11    0.30     0.16   -2.11     0.20    0.67     0.21    0.63    0.13    1.30      nan   nan      nan   1.50      nan   nan      nan    1.45     0.12    1.25     0.16    1.40     0.14   nan      nan    1.10      nan   nan      nan    1.05      nan   nan      nan    2.10     0.27      C  
       HD33363   -0.35      0.18   -0.28    0.16    0.25     0.10   -0.30     0.24   -0.18     0.18   -0.45    0.18   -0.12     0.19   nan      nan   0.25     0.18   nan      nan   -0.36     0.13   -0.05     0.16   -0.37     0.08   nan      nan   -0.10     0.20   nan      nan   -0.05     0.25   nan      nan     nan      nan      N  
      HD104979   -0.35      0.10   -0.02    0.09    0.08     0.16   -0.45     0.11    0.53     0.14    0.20    0.14    0.38     0.13   nan      nan   0.56     0.14   nan      nan    0.66     0.12    0.74     0.12    0.65     0.11   nan      nan    0.55     0.17   nan      nan    0.25     0.11   nan      nan    1.10      nan      B  
    HE04140343   -1.89      0.20    0.95    0.07    0.35     0.14   -1.90     0.16    0.78     0.20    0.65    0.25    1.00     0.16   nan      nan   0.59     0.26   nan      nan    1.38     0.13    1.33     0.15    1.32     0.16   nan      nan    1.32     0.13   nan      nan    0.85     0.11   nan      nan    2.25     0.18      C  
   TYC28663381   -0.36      0.17    0.23    0.20    0.18     0.12   -0.54     0.24    0.10     0.16    0.19    0.16    0.53     0.16   nan      nan   0.53     0.17   nan      nan    1.03     0.12    0.91     0.13    0.93     0.13   nan      nan    1.08     0.14   nan      nan    0.33     0.14   nan      nan    1.03      nan      N  
       HD31487   -0.38      0.14    0.09    0.07    0.22     0.20   -0.37     0.24    0.29     0.17    0.59    0.14    0.62     0.14   nan      nan   0.64     0.15   nan      nan    1.04     0.13    0.92     0.14    0.69     0.14   nan      nan    0.84     0.14   nan      nan    0.15     0.18   nan      nan     nan      nan      B  
     BD+042466   -1.93      0.30    0.90    0.10    0.33     0.05   -1.93     0.20    0.36     0.14    0.27    0.11    0.60     0.17   nan      nan   0.70     0.22   nan      nan    1.25     0.11    1.09     0.09    1.10     0.11   nan      nan    0.91     0.10   nan      nan    0.50     0.16   nan      nan    1.70     0.18      C  
     BD-193868   -0.84      0.16   -0.06    0.16    0.44     0.16   -0.88     0.25    0.17     0.17   -0.18    0.15    0.31     0.13   nan      nan   0.34     0.18   nan      nan    0.04     0.13    0.14     0.13    0.04     0.15   nan      nan    0.27     0.13   nan      nan    0.34     0.11   nan      nan    0.14     0.14      N  
      HD101581   -0.55      0.29    0.40    0.07    0.46     0.06   -0.40     0.07    0.46     0.11    0.35    0.11    0.20     0.15   nan      nan   0.50     0.18   nan      nan    0.42     0.13    0.70     0.23    0.70     0.15   nan      nan    0.52     0.11   nan      nan    0.55     0.25   nan      nan    0.40     0.22      B  
      HD103545   -2.02      0.20    0.57    0.07    0.54     0.11   -2.27     0.13    0.40     0.26    0.22    0.19    0.54     0.11   nan      nan   1.14      nan   nan      nan   -0.17     0.16    0.17     0.09    0.31     0.16   nan      nan   -0.13     0.16   nan      nan    0.47     0.22   nan      nan   -0.33      nan      C  
      HD276679   -0.90      0.44    0.72    0.16   -0.05     0.22   -0.90     0.25    0.63     0.12    0.53    0.14    0.66      nan   nan      nan   0.73      nan   nan      nan    0.76     0.22    0.96     0.26    0.88     0.20   nan      nan    1.13      nan   nan      nan    0.93      nan   nan      nan     nan      nan      N  
     BD-073076   -0.11      0.07   -0.10    0.09    0.20     0.11   -0.31     0.09    0.13     0.16    0.25    0.19    0.35     0.16   nan      nan   0.40     0.18   nan      nan    0.35     0.13    0.58     0.17    0.40     0.16   nan      nan    0.60     0.20   nan      nan    0.55     0.11   nan      nan    0.70      nan      N  
