HD 110307                      2460013.87066600    -29.6493    0.0070 
CD-50 8173                     2460013.89480191    -34.1326    0.0070 
HD 66291                       2460014.75327878     24.2476    0.0070 
UX Vol                         2460014.77004337     29.1248    0.0129 
HD 84759                       2460014.77921698     -6.0166    0.0070 
HD 32712                       2460014.49888230     10.6311    0.0070 
HD 105671                      2460014.83726448     -6.1314    0.0070 
LO CMa                         2460014.72583287     16.2750    0.0070 
HD 69578                       2460014.76052367    -11.3662    0.0117 
HD 65152                       2460014.74480675     -7.8424    0.0070 
CPD-84  436                    2460015.89242979     -6.0174    0.0070 
CD-27 9249                     2460016.85412905     -8.9358    0.0070 
CD-40 7555                     2460016.81705497     -4.9069    0.0106 
HD 104117                      2460016.80109621    -11.2492    0.0070 
HD 113195                      2460017.81022408     23.1455    0.0070 
HD 123285                      2460017.83204559      1.5714    0.0246 
HD 105902                      2460017.80364528      1.4020    0.0070 
HD 120620                      2460017.82057375     47.7797    0.0070 
HD 100421                      2460017.79375560     -2.6812    0.0083 
HD 100421                      2460017.78391272     -2.7498    0.0083 
HD 101581                      2460018.76734867     13.7369    0.0070 
HD 107264                      2460018.79259619    -18.8046    0.0070 
HD 91979                       2460018.71845507     17.1483    0.0070 
HD 119187                      2460018.80371745      6.2638    0.0102 
BD-00 2430                     2460018.74178941    -18.7783    0.0070 
HD 102762                      2460018.78583925    -23.6705    0.0070 
HD 89948                       2460018.71174162     23.7913    0.0070 
HD 90532                       2460018.77519106     -2.4581    0.0070 
HD 92545                       2460018.72818144    -16.2641    0.0070 
BD-19 3868                     2460018.82698668    -98.7636    0.0070 
BD-19 3868                     2460018.81714427    -98.7438    0.0070 
HD 99476                       2460018.75771310    -14.4307    0.0079 
HD 39778                       2460019.57356581     45.9817    0.0070 
HD 76225                       2460019.68267020     25.5476    0.0071 
HD 87080                       2460019.71343489      1.4425    0.0070 
HD 32712                       2460019.48827297     10.6104    0.0070 
HD 49778                       2460019.58179573      1.3047    0.0070 
HD 82221                       2460019.70340241      1.4676    0.0070 
AL Ant                         2460019.69618234     59.3920    0.0070 
HD 89638                       2460019.80039176      0.3090    0.0070 
HD 76044                       2460019.67279904     -2.3987    0.0070 
HD 88035                       2460019.78459010     -1.5576    0.0070 
HD 269246                      2460019.49482445     84.0230    0.0200 
HD 45483                       2460019.56517490     15.6774    0.0070 
CD-42 2048                     2460019.55737457     35.6144    0.0070 
HD 88562                       2460019.79330025     13.2688    0.0070 
CD-27 8323                     2460019.85882035    -24.7613    0.0147 
CD-43 7101                     2460019.83072702      7.6878    0.0070 
CD-27 8323                     2460019.84782169    -24.7518    0.0147 
TYC 6624-597-1                 2460019.81328026      3.4625    0.0070 
HD 62017                       2460020.64263511     16.1497    0.0070 
HR CMa                         2460020.61457472     -0.1774    0.0070 
HD 311324                      2460020.73166753     -2.3149    0.0105 
HD 50264                       2460020.64876990     68.9261    0.0070 
HD 60532                       2460020.67677532     61.1378    0.0070 
S1 199                         2460020.63283037     16.6137    0.0090 
BD-15 2060                     2460020.67119151     19.9774    0.0418 
HD 49661                       2460020.62257513     28.0662    0.0070 
CPD-19 1672                    2460020.65943421     41.5827    0.0070 
HD 273845                      2460020.60450600     14.9319    0.0070 
HD 33709                       2460020.59620902     26.9787    0.0070 
HD 74950                       2460020.74483478      7.5227    0.0070 
BD-13 3743                     2460020.84333644    -14.8096    0.0070 
BD-13 3743                     2460020.85204028    -14.8206    0.0070 
TYC 9209-2788-1                2460020.75910045     -1.8952    0.0070 
TYC 9209-2967-1                2460020.77568372     21.1150    0.0691 
TYC 9209-2967-1                2460020.78554939     21.1943    0.0644 
BD-07 3076                     2460020.80263751    -28.5914    0.0070 
BD+00 2840                     2460020.82771714    -29.9845    0.0070 
BD-07 3076                     2460020.81133839    -28.6038    0.0070 
TYC 9243-986-1                 2460024.86961789    -57.9868    0.0070 
TYC 9243-986-1                 2460024.85861119    -57.9696    0.0070 
TYC 7807-1544-1                2460024.88713601    -46.4846    0.0070 
TYC 7807-1544-1                2460024.89929015    -46.4993    0.0070 
HD 245186                      2460036.51258792    -45.5214    0.8162 
HD 245186                      2460036.50041806    271.1427    0.7512 
TYC 8214-1928-1                2460036.74363612    -23.3672    0.0070 
UCAC2 30705211                 2460036.82455987    -41.6646    0.0092 
UCAC2 30705211                 2460036.85121771    -41.7075    0.0096 
TYC 8258-1189-1                2460036.80522287     -4.9583    0.0070 
TYC 8231-457-1                 2460036.76975083    -35.7603    0.0070 
UCAC2 30705211                 2460036.83787844    -41.7509    0.0095 
UCAC2 12206089                 2460036.70615638    -27.7157    0.0111 
TYC 126-853-1                  2460036.53856409     33.3649    0.0080 
UCAC2 12206089                 2460036.69283716    -27.7282    0.0094 
TYC 8272-443-1                 2460036.88410934    -59.5044    0.0112 
TYC 8258-1189-1                2460036.79536234     -4.9703    0.0073 
TYC 4790-460-1                 2460036.55595214     68.1179    0.4702 
TYC 4790-460-1                 2460036.56928534     59.4248    0.4049 
CD-55 1483                     2460036.59383273     -6.7298    0.0070 
TYC 8214-1928-1                2460036.75463310    -23.3611    0.0070 
TYC 8272-443-1                 2460036.86961194    -59.5296    0.0112 
TYC 8231-457-1                 2460036.78076883    -35.7275    0.0074 
TYC 126-853-1                  2460036.52640809     33.3775    0.0070 
CD-55 1483                     2460036.60368948     -6.7416    0.0070 
UCAC2 12206089                 2460036.71949470    -27.7675    0.0109 
TYC 8662-1456-1                2460037.67109120    -25.5539    0.0070 
HE 0534-4548                   2460037.49636132    -96.8390    0.1758 
HE 0534-4548                   2460037.55234062    -96.6773    0.1955 
TYC 9257-57-1                  2460037.72843729      8.1684    0.0070 
S1 211                         2460037.57290433     80.5693    0.0177 
S1 211                         2460037.58390864     80.4620    0.0179 
TYC 9244-867-1                 2460037.69419731    -23.8966    0.0206 
TYC 5996-1835-1                2460037.60542359    -30.3544    0.0127 
TYC 9257-57-1                  2460037.74175992      8.1299    0.0070 
TYC 8662-1456-1                2460037.68094399    -25.5468    0.0070 
TYC 9244-867-1                 2460037.70779724    -23.8534    0.0201 
HE 0534-4548                   2460037.51432104    149.0220    0.1922 
HE 0534-4548                   2460037.53437990    174.3384    0.2240 
GaiaDR2 3337834353779474432    2460038.48637786     75.7870    0.0202 
GaiaDR2 3337834353779474432    2460038.49853975     76.0485    0.0182 
EN Mon                         2460039.48332335     56.2184    0.1160 
Source 579592852909815552      2460039.54775462     54.0833    0.0098 
EN Mon                         2460039.51753073     56.7221    0.0228 
EN Mon                         2460039.49725051     56.8739    0.0253 
Source 579592852909815552      2460039.56919003     53.9972    0.0096 
Source 3854012834900183936     2460040.50707785    -35.0807    0.0082 
Source 3854012834900183936     2460040.52762978    -35.1285    0.0076 
UCAC2 14312220                 2460160.66718741    -20.5120    0.0077 
TYC 8740-23-1                  2460160.59615833      7.1320    0.0070 
TYC 8740-23-1                  2460160.58185951      7.1590    0.0070 
UCAC2 30705211                 2460160.52836059    -40.6554    0.0130 
2MASS J03145506-6656591        2460160.82915619    259.0102    0.0112 
HD 146800                      2460160.56463961      2.0171    0.0070 
HD 219899                      2460160.79327711     22.5652    0.0070 
UCAC2 14312220                 2460160.71430860    -20.5262    0.0070 
ASASSN-V J181441.19-755530.2   2460160.63659413     19.7983    0.0613 
TYC  54-642-1                  2460160.90511832    -11.0064    0.0077 
TYC  54-642-1                  2460160.92058126    -11.0139    0.0080 
TYC 5204-375-1                 2460160.77738526     -8.1623    0.0086 
UCAC2 30705211                 2460160.48130124    -40.6995    0.0104 
CD-77 1143                     2460160.80658727     -2.1362    0.0070 
TYC 5204-375-1                 2460160.74030806     -8.1903    0.0072 
ASASSN-V J181441.19-755530.2   2460160.61616886     20.4083    0.0515 
TYC 5204-375-1                 2460160.75903631     -8.1471    0.0080 
UCAC2 30705211                 2460160.50484666    -40.6377    0.0111 
UCAC2 14312220                 2460160.69074958    -20.5282    0.0079 
TYC 9277-2435-1                2460161.65902060    -41.1044    0.0070 
TYC 9260-600-1                 2460161.61223973    -53.9110    0.0076 
HE 1418+0150                   2460161.51259933    -36.2243    0.0166 
TYC 9277-2435-1                2460161.64006845    -41.1519    0.0070 
HE 1418+0150                   2460161.53612978    -36.3678    0.0191 
Source 2696956135781037312     2460161.79663310    -12.7197    0.0099 
CD-54 8469B                    2460161.72947063    -70.9155    0.0102 
CD-54 8469B                    2460161.74951989    -70.8373    0.0093 
HE 1418+0150                   2460161.48905947    -35.8747    0.0153 
CD-54 8469A                    2460161.68269565    -67.9099    0.0084 
CD-62 1346                     2460161.88726507    124.4154    0.0170 
CD-56 8291                     2460161.90217262    -28.7469    0.0095 
Source 2696956135781037312     2460161.77771422    -12.6986    0.0099 
TYC 7500-902-1                 2460161.92322316     54.5448    0.0076 
HD   749                       2460161.93647420     30.4481    0.0070 
CD-54 8469B                    2460161.70730783    -70.9030    0.0114 
CD-25 10424                    2460161.56186986      9.4365    0.0070 
Source 2696956135781037312     2460161.81570629    -12.7785    0.0112 
TYC 9260-600-1                 2460161.58869194    -53.7561    0.0074 
HD 31732                       2460164.92556255      6.2940    0.0247 
HD 32712                       2460279.76372620     13.7296    0.0141 
HD 19851                       2460279.73724586      0.3495    0.0146 
HD 31732                       2460279.81814929     10.4278    0.0406 
TYC 4790-460-1                 2460279.75616079   -167.8551    0.3845 
HE 0534-4548                   2460279.78994769    117.5453    0.1751 
HD 50264                       2460279.75903033     58.2998    0.0234 
HD  9529                       2460279.81981869     28.5675    0.1019 
TYC 701-81-1                   2460279.78016393     52.4750    0.0112 
HD 269246                      2460279.74611935     89.2401    0.0965 
SZ Psc                         2460279.61134820     57.8536    0.0370 
SZ Psc                         2460279.61333692     58.1574    0.0348 
ASASSN-V J181441.19-755530.2   2460279.56336666    -87.7501    0.2408 
HD 273845                      2460279.76205672     16.9398    0.0169 
TYC 126-853-1                  2460279.77376809     36.4032    0.0239 
6 Cet                          2460279.65414596     18.8579    0.0190 
HD 69578                       2460279.80038943     19.7058    0.0882 
TYC 565-1564-1                 2460279.57491696   -170.6338    0.0325 
HR CMa                         2460279.80114683      1.4332    0.0269 
TYC 591-1090-1                 2460279.62168311     13.7582    0.0316 
HD 76225                       2460279.80620084     27.9293    0.0402 
HD 269246                      2460280.71896131     89.1925    0.0826 
HD 32712                       2460280.71293910     13.7397    0.0143 
TYC 565-1564-1                 2460280.56758360   -170.5377    0.0368 
HD 273845                      2460280.71726075     17.0083    0.0168 
TYC 591-1090-1                 2460280.57549772     13.6283    0.0285 
LP 761-112                     2460280.54549573   -230.6652    0.0344 
HE 0534-4548                   2460280.74810865    185.3449    0.1742 
BD+07 4625                     2460280.51426448    292.9858    0.4112 
TYC 126-853-1                  2460280.73969112     36.5874    0.0206 
HD 69578                       2460280.77070270     36.4780    0.0603 
TYC 4790-460-1                 2460280.76267827   -294.1178    0.4367 
HD 50264                       2460280.76897759     58.1932    0.0219 
HD 19851                       2460280.71186129      0.3453    0.0115 
HD 76225                       2460280.77654448     27.9320    0.0409 
6 Cet                          2460280.67426511     18.8623    0.0949 
6 Cet                          2460280.67741647     18.5998    0.0207 
2MASS J00435910+0234080        2460280.61700776   -179.7415    0.0599 
TYC 701-81-1                   2460280.73151018     52.4376    0.0111 
HR CMa                         2460280.76692554      1.6035    0.0206 
LP 761-112                     2460280.52869384   -230.7324    0.0269 
ASASSN-V J181441.19-755530.2   2460280.55780131     31.1772    0.2394 
HD 19851                       2460281.70850813    -19.6654    0.4808 
2MASS J00435910+0234080        2460281.59693020   -185.0029    1.0277 
TYC 4790-460-1                 2460281.77272369    168.0491    0.3000 
ASASSN-V J181441.19-755530.2   2460281.54391887      0.7273    0.7362 
BD+07 4625                     2460281.51856252   -254.0337    0.3886 
TYC 4790-460-1                 2460281.73866792    272.9500    0.5081 
6 Cet                          2460281.62950376     16.4814    0.2537 
TYC 701-81-1                   2460281.76664893    221.7020    0.1355 
HD 76225                       2460281.83011987     59.3456    0.4896 
HR CMa                         2460281.77594992    205.1446    0.3061 
HD 32712                       2460281.74969043    147.7131    0.3596 
TYC 565-1564-1                 2460281.55524457   -172.2542    0.2565 
TYC 126-853-1                  2460281.75993159    191.7163    0.4231 
HD 273845                      2460281.74744112    141.2600    0.2629 
ATO J314.9459-08.0246          2460281.52929617     20.3626    0.9185 
HD 269246                      2460281.72749298    148.2371    0.7624 
HD 50264                       2460282.81395592     41.7460    0.0238 
HR CMa                         2460282.81121225    -14.1997    0.0161 
6 Cet                          2460282.51861576     12.1098    0.0146 
HD 76225                       2460282.85052543     10.1897    0.0412 
HD 19851                       2460282.74912895    -13.5873    0.0125 
TYC 126-853-1                  2460282.76417301     22.1120    0.0186 
2MASS J00435910+0234080        2460282.63686270   -190.7988    0.0502 
TYC 591-1090-1                 2460282.54686772      6.2317    0.0214 
ASASSN-V J181441.19-755530.2   2460282.52507727     31.8669    0.1573 
TYC 4790-460-1                 2460282.80297800     88.6172    0.4531 
HD 50264                       2460282.82989231     41.0120    0.0199 
TYC 701-81-1                   2460282.77699495     37.6483    0.0103 
HD 273845                      2460282.75190184      2.9219    0.0147 
TYC 565-1564-1                 2460282.53572284   -176.6620    0.0191 
HD 211954                      2460282.55156964     -9.4301    0.0185 
HD 69578                       2460282.84579374     41.6567    0.0624 
TYC 4790-460-1                 2460282.79676582     -3.6616    0.8580 
BD+07 4625                     2460282.51964799    -33.5923    0.3907 
HE 0534-4548                   2460282.78481245     32.6965    0.1941 
HD 32712                       2460282.75511431     -0.4976    0.0114 
VELOC WAVE                     2460283.51328424   -185.9121    0.2862 
HD 69578                       2460283.83052761   -251.7182    0.0208 
2MASS J00435910+0234080        2460283.64486267     21.6433    0.0105 TYC 5215-15-1                  2460545.65899098    -15.4450    0.0198 
HD 211173                      2460545.60738536    -18.6964    0.0151 
CD-56 8291                     2460545.64398723    -61.7899    0.0369 
HD 21989                       2460545.80089718     13.0019    0.0158 
HD 222349                      2460545.62777996     36.7628    0.0469 
HD   749                       2460545.63363479     24.8838    0.0138 
TYC 5204-375-1                 2460545.65244030     -8.1785    0.0184 
HD 22772                       2460545.80326761     21.8616    0.0136 
HD 214889                      2460545.67130186     24.3938    0.0180 
BPSCS 22967-0007               2460545.74488412     35.2483    0.2676 
HD  2454                       2460545.73121593     -6.5887    0.0259 
BD+07 4625                     2460545.63792866    246.6220    0.6989 
HD 207585                      2460545.60204458    -71.9891    0.0186 
Source 2696956135781037312     2460545.66570215    -12.8903    0.0269 
HD 207277                      2460545.60473582    -24.0230    0.0157 
HD 200063                      2460545.62020277    -51.2915    0.0098 
HD 219899                      2460545.67870561     22.5274    0.0113 
HD  6434                       2460545.68435713     22.9841    0.0164 
HD 214579                      2460545.61282180      3.6995    0.0167 
CD-62 1346                     2460545.63998738    124.5072    0.0599 
HD 205156                      2460545.62237203     91.4565    0.0198 
HE 0151-0341                   2460545.76673855    -32.0082    0.1477 
HD 211221                      2460545.61009539    -18.5600    0.0243 
TYC  54-642-1                  2460545.80813233    -11.2450    0.0303 
HD 18853                       2460545.79136144     22.3813    0.0320 
HD 18182                       2460545.79779154     23.5959    0.0158 
HD 202400                      2460545.61357086    -26.7210    0.6128 
SKB 5                          2460545.69974677     36.0462    0.0504 
HD 24864                       2460545.79414285     14.1672    0.1473 
HD 224621                      2460545.63156893     22.1314    0.0196 
HD 221531                      2460545.62619748      7.4510    0.1430 
HD  9529                       2460545.68960389     25.5842    0.0935 
HD  5332                       2460545.68659642      3.4019    0.0301 
HD 217447                      2460545.68342844      5.2820    0.0079 
HD 205156                      2460546.60525543     91.5381    0.0320 
HD 200063                      2460546.61520381    -51.1080    0.0126 
BPSCS 22967-0007               2460546.70532522    223.5064    0.2458 
HE 0151-0341                   2460546.73217616    -30.7872    0.3752 
HD 207585                      2460546.60194715    -71.9086    0.0221 
TYC 5204-375-1                 2460546.61107045     -8.1412    0.0225 
TYC 4790-460-1                 2460546.91004889   -240.3518    0.5938 
HD 18853                       2460546.71727505     22.5636    0.0486 
HD 18182                       2460546.89222700     24.1150    0.0263 
HD  5332                       2460546.63946948      3.6392    0.0525 
Source 2696956135781037312     2460546.62443098    -12.7136    0.0303 
2MASS J22103877+0516144        2460546.63039613   -174.9746    0.0442 
HD 214579                      2460546.61778235      3.8055    0.0208 
TYC  54-642-1                  2460546.89546728    -10.6595    0.0287 
HD 221531                      2460546.63638964      8.0922    0.1664 
HD  6434                       2460546.63742756     23.1605    0.0221 
HD 224621                      2460546.63297764     22.2280    0.0331 
HD 207277                      2460547.52821894    -23.8166    0.0194 
TYC 5215-15-1                  2460547.54347089    -15.0670    0.0337 
CD-56 8291                     2460547.53666983    -61.8843    0.0354 
HD 211221                      2460547.53132754    -18.3841    0.0283 
HD 214579                      2460547.56756885      3.8334    0.0070 
HD   749                       2460547.57952481     25.0725    0.0202 
TYC 4790-460-1                 2460547.91073446    119.3308    0.4652 
HD  9529                       2460547.90887383     25.8332    0.1423 
HD 214889                      2460547.57854837     24.7815    0.0414 
HD 222349                      2460547.55278041     36.8552    0.0572 
HD 211173                      2460547.53351924    -18.3810    0.0185 
HD  2454                       2460547.85980638     -5.8496    0.0542 
HD 202400                      2460547.54515568    -29.3495    0.9759 
HD 217447                      2460547.57424997      5.5378    0.0070 
HE 0151-0341                   2460547.89382232    -31.2679    0.2239 
HD 24864                       2460547.90480868     15.6571    0.1895 
HD 211173                      2460547.55960540    -18.4247    0.0070 
BD+07 4625                     2460547.55077383   -279.5155    0.5247 
BPSCS 22967-0007               2460547.87211521   -173.0984    0.5649 
HD 21989                       2460559.86453601     13.3919    0.0261 
HD 22772                       2460559.80990210     21.6671    0.0070 
SKB 5                          2460559.68990625     38.9852    0.0493 
TYC  54-642-1                  2460559.86022829    -10.6909    0.0479 
HE 0151-0341                   2460559.84753866    -28.9417    0.1985 
TYC 4790-460-1                 2460559.86894227   -212.7215    0.2648 
HD 21989                       2460559.80038574     13.2993    0.0070 
HD 18182                       2460559.82316240     23.8676    0.0070 
CD-62 1346                     2460560.65751715    124.6331    0.0615 
HD207129                       2460561.66063060     -0.3761    0.0070 
HD207129                       2460561.65757856     -7.4052    0.0070 
CD-62 1346                     2460561.66637943    130.9825    0.0555 
TYC 5215-15-1                  2460562.71365532    -15.3684    0.0208 
HD 211221                      2460562.72650413    -18.6137    0.0163 
HD 214579                      2460562.73007994      3.6026    0.0125 
TYC 5204-375-1                 2460562.66564142     -8.1755    0.0174 
HD 211173                      2460562.71772788    -17.7560    0.0197 
2MASS J22103877+0516144        2460562.72310300   -174.7619    0.0297 
HD 219899                      2460562.73828061     22.6259    0.0197 
CD-56 8291                     2460562.65765285    -50.9856    0.0469 
HD 217447                      2460562.73625247      5.3595    0.0101 
HD 214889                      2460562.73347945     24.4153    0.0165 
Source 2696956135781037312     2460562.67660569    -12.8329    0.0214 
CD-62 1346                     2460562.64493883    125.3534    0.3401 
BD+07 4625                     2460562.65319809   -283.6102    0.3596 
HD192310                       2460563.60115039    -54.2888    0.0070 
HD207129                       2460564.75063614      1.2747    0.0070 
HD207129                       2460564.74756258     -7.4103    0.0070 
TYC 4790-460-1                 2460564.90402630     89.8066    0.5911 
HD 217447                      2460564.68544270      5.3623    0.0070 
HD 21989                       2460564.85742590     16.0573    0.0070 
HD 18182                       2460564.84801713     27.2337    0.0070 
HD 214579                      2460564.67471989      3.6307    0.0070 
HD 22772                       2460564.86773007     23.6397    0.0070 
HD  6434                       2460687.58461208     23.1201    0.0239 
Source 2741042806844352256     2460687.54444636     21.1828    0.4085 
HD  5332                       2460687.56058092      3.7036    0.1447 
BD-07 3076                     2460687.72153775     -6.3047    0.0346 
BPS CS 22967-0007              2460687.57480588    170.9255    0.3092 
HD72673                        2460688.74722715     14.8532    0.0070 
V LO CMa                       2460689.79011086     15.7907    0.0139 
TYC 5996-1835-1                2460689.79741787    -30.2136    0.0631 
HD 76225                       2460689.74038924     28.1641    0.0507 
V UX Vol                       2460689.82571721     29.9588    0.0330 
HD 269246                      2460689.75374160     83.7011    0.3853 
zeta02Ret                      2460689.60149995     11.9847    0.0070 
HD 69578                       2460689.76299171     10.8527    0.0502 
HD 92545                       2460689.82590182    -16.1192    0.0205 
HD 88562                       2460689.75401029     10.9378    0.0118 
HD 39778                       2460689.81120391     47.3217    0.0173 
TYC 9209-2967-1                2460689.73313925     17.6661    0.4205 
HD 88035                       2460689.75070124     -2.8165    0.0157 
HD 91979                       2460689.81471761     19.7971    0.0112 
HD 50264                       2460689.74354965     71.2153    0.0243 
HD 45483                       2460689.81401565     18.8545    0.0159 
CD-42 2048                     2460689.77860946     41.6576    0.0169 
TYC 9209-2788-1                2460689.73007271     -1.7878    0.0420 
HD 87080                       2460689.74676543     -1.4760    0.0370 
HD 89638                       2460689.76108553     -1.6872    0.0110 
V EN Mon                       2460689.78657989     59.0729    0.1252 
HD 84759                       2460689.72783603     -5.8657    0.0104 
HE 0151-0341                   2460689.63687849    -34.7461    0.1727 
HD 89948                       2460689.82169636     23.7582    0.0167 
V AL Ant                       2460689.72735118     62.7984    0.0169 
HD 74950                       2460689.79913145      6.8108    0.0141 
HD 82221                       2460689.72463505     -7.6797    0.0171 
HD 311324                      2460689.78900397      8.2764    0.0516 
CD-55 1483                     2460689.77089424     -4.0416    0.0079 
HD 39778                       2460690.70965366     46.4148    0.0194 
HD 50264                       2460690.64706763     71.4573    0.0250 
HD 33709                       2460690.70111666     26.5726    0.0134 
CD-42 2048                     2460690.70283061     42.1597    0.0142 
HD 269246                      2460690.69450056     86.0971    0.0976 
V LO CMa                       2460690.71462801     15.0201    0.0132 
HD 82221                       2460690.71943282     -8.1603    0.0775 
V EN Mon                       2460690.65292145     58.4442    0.1160 
HD 39778                       2460690.70607280     46.8228    0.0204 
CD-55 1483                     2460690.65705896     -4.3815    0.0075 
TYC 8231-457-1                 2460815.53349544    -28.1734    0.0431 
HD 102762                      2460815.52562234    -22.1915    0.0154 
HD 168791                      2460815.66798418    -39.4495    0.0141 
CD-43 7101                     2460815.51814780     -6.5627    0.0212 
TYC 8743-1970-1                2460815.64857281    -15.8247    0.0557 
TYC 499-198-1                  2460815.74484332     52.9317    0.0121 
HD72673                        2460815.49560815     19.3702    0.0075 
HD 184001                      2460815.70470394    -43.1371    0.0357 
BD-07 3076                     2460815.51379454     -6.4710    0.0334 
TYC 9260-600-1                 2460815.60890038    -54.1919    0.0479 
BD-10 4311                     2460815.62281421     46.5332    0.0576 
HD 170149                      2460815.64556335    -37.9199    0.0522 
HD 196445                      2460815.77214967    -28.1507    0.0243 
BD+01 2916                     2460815.57882177    -11.0997    0.0631 
HD 146800                      2460815.61926502      1.9783    0.0370 
HD 88035                       2460815.50216009     -0.8612    0.0193 
HD 150862                      2460815.62536259    -87.6494    0.0477 
CD-62 1346                     2460815.77467448    124.2679    0.1029 
BD+00 4080                     2460815.67895064    -11.7723    0.2280 
HD72673                        2460815.48560820     14.8923    0.0079 
V V490 Sct                     2460815.63906472     40.7339    0.7296 
HD 107264                      2460815.53124824    -18.5567    0.0186 
TYC 6624-597-1                 2460815.50967379      3.4881    0.0338 
BD-13 3743                     2460815.55633369    -19.6469    0.0373 
BD+09 4483                     2460815.75492061     51.1664    0.0442 
HD 193530                      2460815.77013342     -2.4806    0.0259 
V V679 Oph                     2460815.67054761    -43.2554    0.1960 
BD-03 3766                     2460815.60581342    -57.0181    0.0266 
CD-40 7555                     2460815.53647228     -4.6191    0.0450 
ASASSN-V J181441.19-755530.2   2460815.63083057    -41.5647    0.5355 
HD 202400                      2460815.78033755    -19.5914    0.5918 
BPS CS 22964-0161              2460815.72023479     36.2688    0.2245 
HD 172555                      2460815.92500379    -40.7886    5.7051 
HD 168560                      2460815.66545606      8.6205    0.0152 
BD+00 4080                     2460815.68773746    -11.9418    0.0363 
TYC 9277-2435-1                2460815.61513777    -45.5301    0.0600 
TYC 7807-1544-1                2460815.56511528    -48.5763    0.0882 
TYC 8662-1456-1                2460815.55013716    -30.4424    0.0339 
CD-53 8144                     2460815.70180600    -44.1986    0.0239 
TYC 8740-23-1                  2460815.62750995      3.4610    0.0648 
HD 172555                      2460815.60007280     47.4077    6.0787 
CD-44 12736                    2460815.80279985     -4.1754    0.0172 
TYC 9244-867-1                 2460815.56691687    -24.3827    0.1341 
BPS CS 30322-0023              2460815.78452853    116.3191    0.2535 
TYC 499-198-1                  2460815.73474091     53.0604    0.0553 
HD72673                        2460815.49114939     14.8689    0.0079 
BPS CS 30301-0015              2460815.59285216     86.7119    0.2714 
TYC 9257-57-1                  2460815.58414790      8.1152    0.0472 
HD 187762                      2460815.70693450    -41.4584    0.0307 
BD-01 3022                     2460815.59889491    -31.6074    0.0242 
TYC 8258-1189-1                2460815.53892634     -4.3357    0.0371 
CD-71 1234                     2460815.61209315    225.9545    0.3443 
CD-50 8173                     2460815.56218656    -34.0448    0.0291 
UCAC2 30705211                 2460815.54587349    -53.5967    0.0692 
TYC 8743-1970-1                2460815.65681366    -15.8930    0.0092 
HIP 69788                      2460815.57606351      4.0600    0.0466 
CD-56 8291                     2460815.79002661    -44.6453    0.0595 
TYC 9243-986-1                 2460815.55853764    -56.8050    0.0604 
HD 105902                      2460815.52811132      0.3494    0.0293 
CD-27 9249                     2460815.55364664     -8.6374    0.0304 
HD 172555                      2460815.79825814    152.9925    0.5365 
TYC 8272-443-1                 2460815.57180866    -59.3516    0.0730 
HD 176105                      2460815.67362811      2.1246    0.0175 
HD 89638                       2460815.50681570     -2.2106    0.0163 
CD-77 1143                     2460815.79285212    -15.0406    0.0398 
HD 91979                       2460815.51194192     19.9762    0.0160 
HD 113195                      2460815.54179126     21.5660    0.0246 
BD-19 3868                     2460815.58204547   -102.0317    0.0600 
HD 88562                       2460815.50415600      8.5082    0.0158 
HD 100421                      2460815.52340569     -2.3093    0.0457 
TYC 8214-1928-1                2460815.52054266    -20.6072    0.0303 
BD+09 4483                     2460815.76201103     51.1797    0.0075 
HD 177192                      2460815.69757403     22.8714    0.0234 
2MASS J22103877+0516144        2460827.90745753   -173.9728    0.0375 
HD 206983                      2460827.88377354   -322.2507    0.0493 
TYC 9277-2435-1                2460827.74258701    -44.2459    0.0402 
HD 175674                      2460827.76928652      8.1720    0.0101 
HD 188985                      2460827.78215721     13.5858    0.0368 
HD 182250                      2460827.77786361    -20.8373    0.0155 
HD 168214                      2460827.76787789     16.8198    0.0183 
HD 146800                      2460827.74795089      1.9792    0.0237 
BD-19 3868                     2460827.73450893   -101.6735    0.0610 
HD 182300                      2460827.78021957     29.2931    0.0183 
HD 154430                      2460827.75928651    -30.9688    0.0240 
TYC 6265-1804-1                2460827.76562777     87.0506    3.7703 
BPS CS 29495-0042              2460827.84201500    -94.0803    0.2154 
UCAC2 30705211                 2460827.68334293    -52.8577    0.0310 
HD 214579                      2460827.90465424      3.1320    0.0126 
HD 207585                      2460827.89068208    -54.3225    0.0261 
BD-13 3743                     2460827.71975324    -19.4732    0.0926 
HD 107264                      2460827.68927660    -18.3696    0.0135 
TYC 8662-1456-1                2460827.70859613    -32.0752    0.0333 
TYC 8258-1189-1                2460827.70154389     -4.0638    0.0388 
UCAC4 367-070667               2460827.73018941    -20.1087    0.2249 
HD 177539                      2460827.77376972    -20.5917    0.0245 
HD 194703                      2460827.79365306    -10.3244    0.0346 
HD 150862                      2460827.75775914    -88.9463    0.0538 
BPS CS 22898-0027              2460827.81626135    -50.2359    0.3857 
HD 211173                      2460827.89942387    -20.0390    0.0117 
HD 198581                      2460827.79624686      8.1886    1.5098 
BD-10 4311                     2460827.75431275     46.6037    0.0386 
CD-71 1234                     2460827.73981414   -134.3527    0.5327 
HD 196445                      2460827.83050478    -27.9356    0.0346 
TYC 5204-375-1                 2460827.82551860     -8.0986    0.0211 
HD 146086                      2460827.75140609    137.4003    0.7301 
HD 113195                      2460827.70506774     21.8342    0.0452 
HD 156091                      2460827.76138964     -4.2934    0.0334 
TYC 8214-1928-1                2460827.67597021    -20.4271    0.0325 
CD-34 6792                     2460827.62722216    183.2785    0.1640 
CPD-84  436                    2460827.72180769     -4.5895    0.0305 
UCAC2  7179982                 2460827.78677018    -14.2246    0.0773 
Source 2696956135781037312     2460827.89408400    -12.7068    0.0245 
CD-43 7101                     2460827.67066038     -8.4015    0.0282 
HD 200063                      2460827.80675031    -53.1925    0.0136 
HE 2228-0706                   2460827.91968717    -15.6551    0.1407 
HD 211954                      2460827.91184272     -3.8592    0.1335 
BD+07 4625                     2460827.82072125    295.4782    0.5584 
HD 100421                      2460827.64665774     -0.8076    0.1045 
HD 143899                      2460827.73807298    -29.7771    0.2168 
HD 198581                      2460827.80454768     31.2172    0.8897 
HD 105902                      2460827.65100042     -4.4480    0.0131 
HD 194703                      2460827.79913773    -10.2200    0.0262 
CD-27 9249                     2460827.71648350     -8.2687    0.0298 
TYC 8231-457-1                 2460827.69349067    -29.0148    0.0365 
HD 207277                      2460827.88714537    -24.8596    0.0085 
HD 211221                      2460827.90181068    -18.4637    0.0137 
HD 205156                      2460827.83211037     92.0896    0.0423 
CD-40 7555                     2460827.69765855    -21.9210    0.0456 
Source 2696956135781037312     2460828.85890767    -13.0195    0.1164 
HD 168791                      2460828.77774140    -39.7725    0.0119 
BPS CS 30322-0023              2460828.87211763    113.4464    0.3004 
BD-13 3743                     2460828.61195238    -19.6713    0.0086 
HD 207585                      2460828.91000884    -54.4619    0.0491 
BD-01 3022                     2460828.74400325    -31.6377    0.0254 
HD 211954                      2460828.91672646     -3.9174    0.0199 
BD-03 3766                     2460828.75706241    -57.7235    0.0307 
UCAC4 367-070667               2460828.76157039     53.8464    0.2439 
BPS CS 29495-0042              2460828.88500975    -93.2836    0.1852 
HD 122687                      2460828.65484960    -15.1791    0.0220 
HD 211173                      2460828.84810908    -20.1311    0.0216 
HD 170149                      2460828.78353247    -38.1120    0.0772 
HD 122746                      2460828.65211861    -50.1252    0.1996 
HD 172555                      2460828.78569837     57.8914    3.8728 
TYC 6624-597-1                 2460828.58459569      3.5073    0.0469 
HD 88035                       2460828.57359313     -0.9812    0.0227 
TYC 9260-600-1                 2460828.76678121     28.8997    0.0536 
BD-13 3743                     2460828.60688265    -19.5823    0.0291 
HD 119187                      2460828.64636116      7.1058    0.0662 
HD 207277                      2460828.90175161    -25.0012    0.0092 
HD 214579                      2460828.91993959      2.9752    0.0117 
CPD-84  436                    2460828.60119929     -5.6809    0.0411 
V V679 Oph                     2460828.79055687    -45.6789    0.0682 
2MASS J22103877+0516144        2460828.83995867   -174.3714    0.0188 
ASASSN-V J181441.19-755530.2   2460828.80163552    -43.3664    0.3567 
TYC 5204-375-1                 2460828.81375292     -8.1738    0.0086 
HD 123585                      2460828.69639277     37.2260    0.0184 
2MASS J22103877+0516144        2460828.83342518   -174.3423    0.0582 
HD 91979                       2460828.58752939     20.0452    0.0188 
CD-40 7555                     2460828.61730287    -23.3190    0.0214 
HD 172555                      2460828.70800906     10.2274    1.2721 
HD 102762                      2460828.59085802    -21.9354    0.0197 
HD 172555                      2460828.86816566     32.4629    0.5338 
HD 211221                      2460828.85075572    -19.1899    0.2651 
2MASS J22380795-5042416        2460828.82807454     45.8889    0.1483 
HIP 69788                      2460828.66107481      4.1659    0.0099 
HD 206983                      2460828.89800334   -111.3243    0.6605 
CD-44 12736                    2460828.62457740     -4.2053    0.0200 
HD 143899                      2460828.76482733    -29.7344    0.0176 
HD 127392                      2460828.71544954    -72.7559    0.0899 
HD 88562                       2460828.57843730      8.3387    0.0196 
HE 2228-0706                   2460828.93046501    -15.6002    0.1685 
HD 146086                      2460828.77251080   -284.2860    1.1206 
UCAC4 407-057901               2460828.67552616    119.3407    0.2808 
HD 107264                      2460828.59900002    -18.5002    0.0254 
TYC 8743-1970-1                2460828.79945855    -15.3488    0.0311 
HD 105902                      2460828.59566112     -4.9760    0.0279 
HD 120620                      2460828.64961748     31.2970    0.0421 
HE 1430-0919                   2460828.72871742    115.7506    0.2466 
HD 130282                      2460828.73820149      6.2401    0.0309 
HD 130282                      2460828.71754795      6.1019    0.0359 
HD 123701                      2460828.71248453    -20.5621    0.0215 
HD 168560                      2460828.77439909      8.6378    0.0207 
TYC 8740-23-1                  2460828.79591730      4.4344    0.0353 
HD 205156                      2460828.89597136     92.0318    0.0220 
CD-77 1143                     2460828.91373263    -16.7414    0.0272 
BPS CS 30301-0015              2460828.74999867     87.4736    0.1346 
HD 89638                       2460828.58155995     -2.2547    0.0143 
HD 123585                      2460828.68721737     37.1667    0.1218 
HD 214889                      2460828.85317884     24.4760    0.0331 
HD 88035                       2460828.57597651     -1.0145    0.0215 
HD 154430                      2460829.72859752    -30.9730    0.0155 
BD+00 4080                     2460829.76804324     -5.6685    0.1880 
HD 182250                      2460829.77744628    -21.0091    0.0172 
HD 182300                      2460829.78018733     29.1748    0.0248 
V V490 Sct                     2460829.75205726     62.8532    0.3618 
BD+09 4483                     2460829.81754833     51.1043    0.0572 
BD+07 4625                     2460829.92022877    116.1006    1.8315 
HD 193530                      2460829.82851581     -2.0508    0.0495 
TYC 6624-597-1                 2460829.59287648      3.3344    0.0510 
HD 187762                      2460829.78644119    -41.4568    0.0212 
TYC 7807-1544-1                2460829.65254478    -48.2733    0.0700 
HD 200063                      2460829.84792494    -53.0890    0.0115 
HD 177539                      2460829.77121889    -20.7105    0.0322 
TYC 8272-443-1                 2460829.71734851    -59.3102    0.0929 
BD+01 2916                     2460829.71125995    -10.9844    0.0460 
HD 177192                      2460829.76344525     23.0147    0.0275 
HD 202400                      2460829.90366036    -18.6082    1.0003 
HD 123701                      2460829.72545087    -20.4546    0.0189 
BD+09 4483                     2460829.82082522     51.2433    0.0455 
HD 188985                      2460829.78897993     13.3179    0.0439 
HD 175674                      2460829.74439053      8.0189    0.0123 
HD 89638                       2460829.58906116     -2.2680    0.0300 
HD 156091                      2460829.73443800     -4.2001    0.0121 
HD 123585                      2460829.72242736     37.4637    0.1050 
HD 122746                      2460829.65730938     47.2379    0.2293 
TYC 9244-867-1                 2460829.69960065    -21.4724    0.1334 
CD-44 12736                    2460829.63969425     -4.2559    0.0221 
TYC 499-198-1                  2460829.82470728     53.9220    0.0632 
CD-62 1346                     2460829.90053281    124.2764    0.1095 
CD-53 8144                     2460829.77393218    -44.3955    0.0216 
HD134060                       2460829.60162448     37.9538    0.0070 
CD-56 8291                     2460829.92628762    -27.2057    0.0202 
HD 120620                      2460829.62497012     31.8745    0.0160 
HD 184001                      2460829.78384674    -43.0561    0.0323 
HD 176105                      2460829.76133405      2.0678    0.0159 
HD 196445                      2460829.83813054    -28.0504    0.0246 
TYC 9243-986-1                 2460829.62987492    -56.9813    0.0306 
HD 119187                      2460829.61983986      7.2144    0.0493 
BPS CS 22964-0161              2460829.80500504    -24.8260    0.2591 
HD 168214                      2460829.73866310     16.7627    0.0137 
BPS CS 22898-0027              2460829.85566308    -50.1071    0.4038 
HD 194703                      2460829.84523512    -10.3875    0.0191 
CD-50 8173                     2460829.64653470    -34.1056    0.0209 
UCAC2 30705211                 2460829.61024023    -52.8304    0.0530 
TYC 5204-375-1                 2460829.91258663     -8.3778    0.0168 
2MASS J22380795-5042416        2460829.93691614     45.9885    0.1110 
HD 172555                      2460829.73140940     -5.4555    6.5034 
HD 122687                      2460829.66250840    -15.0644    0.0145 
HIP 69788                      2460829.70685540      4.1613    0.0302 
UCAC2  7179982                 2460829.83315093    -14.1983    0.0908 
TYC 6265-1804-1                2460829.74203676    241.1638    0.4833 
TYC 9257-57-1                  2460829.66711857      7.9882    0.0339 
HD 198581                      2460829.84225193    -72.0464    2.2415 
HD 122746                      2460848.63951887     45.0802    0.0313 
HD 154430                      2460848.78727828    -30.8546    0.0187 
HD 143899                      2460848.78183502    -29.1486    0.0157 
HD 205156                      2460848.80144615     92.3894    0.0205 
HD 146086                      2460848.78487644     12.6136    0.7402 
HD 130282                      2460848.74625992      6.1706    0.0190 
HE 1430-0919                   2460848.73565901   -207.4639    0.3195 
HD 175674                      2460848.80028400      7.6284    0.0081 
CPD-84  436                    2460848.67710990    -16.1739    0.0222 
HE 2228-0706                   2460848.81183708    -13.7123    0.2185 
BD-07 3076                     2460848.46241040    -12.9590    0.0293 
HD 172555                      2460848.68285670     49.4476    2.8635 
HD 123701                      2460848.72179993    -21.2448    0.0380 
HD 127392                      2460848.72493435    -72.7872    0.0438 
HD 120620                      2460848.68704374     39.4485    0.0227 
UCAC4 407-057901               2460848.70715952   -140.3142    0.2218 
HD 172555                      2460848.79734395     40.6008    4.4961 
HD 156091                      2460848.78926470     -4.2271    0.0125 
HD 122687                      2460848.69505086    -15.5579    0.0655 
HD 119187                      2460848.68487112      7.7630    0.0625 
HD 123585                      2460848.71947577     37.6977    0.2014 
HD 206983                      2460848.80371114    129.3000    0.3319 
HD 102762                      2460848.46706135    -21.7798    0.0109 
HD 122746                      2460848.68991956     46.4455    0.2778 
HD 88035                       2460848.45808005     -1.3387    0.0165 
TYC 6265-1804-1                2460848.79347850   -204.4589    0.5183 
HD 168214                      2460848.79609050     17.4697    0.0129 
UCAC2 30705211                 2460848.61513013    -51.6958    0.0156 
HD 88562                       2460848.46005494      8.0544    0.0135 
UCAC4 367-070667               2460848.75188385     64.1034    0.2515 
LP 877-23                      2460849.89342067   -222.3773    0.0596 
HD 198581                      2460849.90434821    -49.9341    0.5816 
HD 187762                      2460849.85058608    -41.4892    0.0160 
2MASS J22380795-5042416        2460849.80121097     46.8469    0.0909 
HD 188985                      2460849.85244819     13.4684    0.0282 
HD 194703                      2460849.90176268    -10.5058    0.0226 
HD 182300                      2460849.84838073     28.7939    0.0160 
HE 1430-0919                   2460849.69555306     77.3233    0.2604 
HD 177539                      2460849.83976012    -20.5538    0.0228 
HD 214579                      2460849.93773485      2.9532    0.0125 
HD 207277                      2460849.92621748    -25.0443    0.0099 
BPS CS 29495-0042              2460849.72022002    -95.7533    0.4373 
BD+07 4625                     2460849.92307002    215.9651    0.4675 
UCAC4 407-057901               2460849.67407909   -104.6089    0.3102 
HD 211173                      2460849.93098687    -20.6806    0.0210 
HD 214889                      2460849.93997164     24.5770    0.0101 
HD 207585                      2460849.92859000    -53.1203    0.0430 
2MASS J22380795-5042416        2460849.82264461     46.5093    0.1040 
BPS CS 22898-0027              2460849.91388274    -46.7957    0.3185 
HD 130282                      2460849.70571355      6.2409    0.0206 
HD 211954                      2460849.93572926     -3.7070    0.0308 
BPS CS 29495-0042              2460849.73933037    -94.1983    0.5562 
HD 172555                      2460849.84422821     60.8623    2.8695 
HD 127392                      2460849.68626335    -72.7502    0.0392 
BPS CS 29495-0042              2460849.77969301    -95.5639    0.3042 
HD 182250                      2460849.84293073    -21.0199    0.0123 
BPS CS 22964-0161              2460849.86606423   -254.7845    0.3019 
HD 200063                      2460849.90618142    -53.3950    0.0099 
HD 211221                      2460849.93321345    -18.5593    0.0212 
UCAC2  7179982                 2460849.88567774    -14.3557    0.0736 
BPS CS 29495-0042              2460849.76058003    -92.9536    0.3208 
TYC 499-198-1                  2460849.87881647     53.9489    0.0445 
BPS CS 29495-0042              2460864.66469898    208.4429    0.3091 
HE 2153-2323                   2460864.71097284     96.9850    0.3078 
HE 2153-2323                   2460864.69301658   -268.0327    0.2287 