BLCVn 2460425.30506489 5.950000108741699 0.19231788573621492
EZBoo 2460425.35749528 -64.78183063994271 0.16736094324515313
GLDra 2460425.461033 0.8822126164287001 0.17997103034785564
TDra 2460425.52366267 -32.47423162463684 0.21661298998720524
TYUMi 2460425.39198804 -14.0163653789784 0.24737172890537837
TYUMi 2460425.41390866 9.48684115645076 0.2392512727112659
UVCrB 2460425.44403485 -12.94525347986121 0.20153978725779348
V826Her 2460425.50784289 -26.9729537910805 0.16048775359831202
hd104979 2460425.297778 6.303653110657901 0.12724050914443208
hd116514 2460425.32151371 -8.4914221700825 0.1880152763413475
hd156432 2460425.48817266 -92.9783778304451 0.249030613990271
DICam 2460537.47051681 -73.0670792420921 0.28797891147211485
EZBoo 2460536.3048743 -32.837057061957395 0.1517566847904481
RCam 2460537.27325275 -50.3907895186084 0.20496975811342277
TYUmi 2460537.31806198 -55.29132168692103 0.25696450925431197
V2359Cyg 2460536.46086386 -63.593033230537 0.223656814346047
V335Sge 2460536.37929534 -20.2566023393966 0.1897667289121917
V439Cep 2460536.50863684 -15.3560681163007 0.2729417577654751
V585Per 2460536.55046536 -43.4830313719593 0.23020099363419652
bd+094483 2460536.41192585 54.59212753968603 0.16151544314392827
bd+284592 2460537.43908192 -73.4465982880361 0.14231964255771976
hd191892 2460536.361131 -22.00471952638254 0.1580525394320683
hd199394 2460536.44779246 -22.59180458774729 0.1401305609261262
hd199394 2460537.34041017 -20.5322453435529 0.1439119968937154
hd215686 2460536.52890505 -19.761501065795898 0.27317731251540517
hd215686 2460537.41291544 -24.71489665583 0.26110739949551637
PVUMa 2460662.38028125 -88.436458412422 0.17687256199693047
UUCnc 2460662.66778216 10.020533898258 0.1902232062716068
bd+79269B 2460664.57407879 -39.38834822950644 0.19387829113602356
hd61034 2460664.52196999 -32.6359287881551 0.22566055537718066
hd65854 2460663.32133316 -54.2625359993945 0.1612479194588588
hd73709 2460664.59858774 -54.7046855838458 0.22145729089345426
bd+091637 2460342.49881199 59.6404922317886 0.12466562227250479
hd43389 2460341.41489142 85.4269108857839 0.19503795266058319
hd49017 2460341.43938162 27.7347741517289 0.17203689090483767
hd49641 2460341.47219568 36.6403277535435 0.11204316775971981
hd73709 2460342.52333337 71.71717689851967 0.23727592373236547
TDra 2460507.53262088 -31.87547738765668 0.23573813386472478
UVCrB 2460507.44420012 22.6849606400847 0.21037423477985848
V826Her 2460507.52207797 -11.02408183199384 0.14291322659490696
bd+233093 2460507.47832241 -31.7358794420653 0.16524946449538175
hd156432 2460507.46186528 29.2900068833737 0.2162329131393704
hd217143 2460507.54979627 -66.3142072827745 0.14413287788865126
hd218660 2460508.4951802 -41.921163824181 0.1217083730789484
hd223617 2460508.5397535 -30.3648442430293 0.12640621554335854
tyc3143-1711-1 2460508.33932796 -29.81244094916753 0.12828243417909496
tyc499-198-1 2460508.39150294 37.67936149005664 0.17418765187226087
GLDra 2460486.37709588 4.79121131650338 0.16565206047712602
GLDra 2460489.3958542 4.08306171135551 0.1580792510770458
hd141473 2460486.35386733 -31.797689149883 0.22339931367066443
hd191892 2460486.40097716 -31.668054390274428 0.1548550137266278
hd196088 2460486.44774323 -53.4708925416124 0.18175430709418544
hd196088 2460489.38361693 -57.2487335005681 0.18626967522271445
hd201657 2460489.42237398 -70.20171110303829 0.1337092493182895
hd203320 2460489.44152905 -20.3880785305243 0.12407526583029219
TUTau 2460623.36432788 -61.1543656612956 0.23251595462704183
V443Aur 2460623.38681228 -99.0922393792396 0.2985480269758559
bd+094483 2460575.32511151 91.2068273278696 0.15055112945458318
hd188260 2460575.29917355 10.176726759815601 0.25171587755218505
hd191892 2460575.36121732 -1.7866560210368498 0.13029256586084706
hd196088 2460575.41003015 -16.00868178236045 0.16785396928390975
hd199394 2460575.4236675 5.27329165911049 0.12146573644395953
hd201657 2460575.37719042 3.3251996399839996 0.11380266982477755
hd203320 2460575.43670471 14.32492313906115 0.10878526280799798
hd2054 2460575.58303909 -22.9107833883593 0.25384875066638846
hd214974 2460575.59424445 -47.041360987866284 0.1893685353615067
hd217143 2460575.39592778 -2.2440793881822003 0.11053382172862297
hd218660 2460575.47033767 8.621494753201366 0.09597048463365603
hd223617 2460575.45623512 30.84081742895283 0.08823116347292721
hd25680 2460575.61458808 -27.4165527279932 0.15030983876448079
hd276679B 2460623.28127674 4.293059798411502 0.26151354584042785
hd35296 2460575.62456589 -20.2083951684203 0.18597850025028695
hd41028 2460623.41701526 -99.489637042669 0.2730539781371553
hd43389 2460623.43546586 -24.9061343405522 0.13210714447370547
hd49017 2460623.45500541 -77.18019565593241 0.19552394067573498
hd49641 2460623.47983384 -70.5341920930114 0.15520141716357885
tyc499-198-1 2460623.21490344 76.5824932465321 0.17992837332578088
wr133 2460575.30932249 10.0477957796316 0.23913137690135564
BD+094483 2460183.32729211 71.5767050464266 0.13578393597767263
BD+284592 2460182.44449926 -68.895501642015 0.13837705893381247
V335Sge 2460182.35140867 -5.890930436368469 0.17925752622585747
V439Cep 2460182.38735006 -4.809055778821779 0.26171428882102005
hd191892 2460222.52591163 1.1137928563051798 0.13606582391827227
hd191892 2460183.37001124 -12.07049477211257 0.13885217921928528
hd196088 2460222.54100697 -12.54069657879199 0.17723361536272234
hd196088 2460182.3166179 -31.16122966375134 0.18857410266201954
hd196088 2460183.31134345 -29.950706418961392 0.18951331382990239
hd199394 2460182.32985916 -11.9834412121372 0.12928065444297132
hd201657 2460223.48139867 12.963783667869901 0.12799429371363016
hd201657 2460183.38624467 -17.4861823811905 0.13322437630794182
hd203320 2460221.40450512 18.92050190989637 0.11628744916477277
hd203320 2460183.40947392 0.10470160343932022 0.12278912697597259
hd214974 2460182.40771907 -52.327006313622 0.19285356851043345
hd215686 2460221.5722622 -13.12681132407845 0.2688975478670546
hd215686 2460183.42544182 -13.5855860153871 0.2565251174732572
hd217143 2460183.46950411 -34.22267334966515 0.13539006488932956
hd218660 2460221.5282277 18.61636136256865 0.09531792260040686
hd218660 2460183.49639053 -14.4071167039186 0.1096386429886495
hd223617 2460222.51126031 39.2234371183214 0.10451610962273412
BD+233093 2459716.4530836 -45.63552516319161 0.14828368401820377
BD+79 2459662.45284259 56.98362227907 0.1845684802977426
BLCVn 2459663.44282237 -26.88917330022897 0.19404808191535255
EIBoo 2459662.60633313 20.79336947598199 0.13418536739679493
EZBoo 2459663.5165107 -58.734905176106 0.13646345280903524
HD264151 2459626.37293688 45.566023719590504 0.22113989636066939
HD283112 2459626.31595989 48.9934735767106 0.2388080277166946
HD32923 2459626.36357647 106.2825825493465 0.23265354271308825
IZCom 2459662.54426144 -7.00193532039153 0.127451906843569
OWGem 2459626.48894626 79.9237432954341 0.22081039372358868
OWGem 2459662.39628177 94.8897791758752 0.21200779468432038
OWGem 2459663.35984409 94.8962102810293 0.20894493852031007
PVUMa 2459626.51926182 25.6559270833522 0.12224532112589911
PVUMa 2459662.48772683 63.659809099302905 0.12497244637182749
PVUMa 2459663.38814828 64.7554102261721 0.13344736756481718
RCam 2459716.3768527 -8.15937746511481 0.1993389526898236
SUMa 2459716.30420139 46.8950525545626 0.21959670046923666
SUMa 2459716.30420139 45.8950525724989 0.22378888062137575
TYUMi 2459662.58241849 -22.33158609099337 0.24223476971741795
TYUMi 2459663.59438816 9.19769766756881 0.24541561741172085
TYUMi 2459684.34067208 3.0083518982370396 0.22768944922931894
UVCrB 2459663.62023862 0.20532805503519924 0.2159222314463589
V1260Ori 2459626.46592238 95.6276041341545 0.14689086831904888
V1260Ori 2459662.37178982 116.7086491585152 0.19346714828545555
V1260Ori 2459663.33677632 117.686069285792 0.21139656181017497
V585Per 2459662.29588226 74.4579696103969 0.10897387531595132
V826Her 2459716.42637882 -13.65539355735427 0.12566617652416323
V826Her 2459717.40744143 -12.47865717310928 0.1348256796967876
V846Her 2459716.42811952 -41.50480539107379 0.15020900933336467
hd101079 2459717.3806682 65.8996316904774 0.13300861636199793
hd104979 2459716.29987992 27.5843670187082 0.14064147053763715
hd107793 2459663.40877929 50.14268853375821 0.22681652558768095
hd116514 2459663.46458039 52.6833775922564 0.19657719392684428
hd116514 2459716.34187513 80.9537438084409 0.1893570766180861
hd135148 2459663.55561306 -94.2535535502501 0.23743346623310024
hd146622 2459717.53871178 10.998656017052232 0.18856712360854536
hd156432 2459716.50336032 -69.53626580340652 0.21152788037131823
hd209145 2459717.48626179 -8.75365043408612 0.2604478996116711
hd214974 2459717.50596389 -24.0817221744824 0.19001811817179934
hd215686 2459716.52100618 -13.7059731977479 0.2531071303800621
hd30339 2459663.2730852 92.9543143274155 0.2027871748316733
hd31487 2459663.30797291 77.5404364414425 0.14007442438264223
hd65854 2459717.29155147 56.3779071428498 0.12416631707988729
hd73709 2459662.43307037 106.7131919161734 0.2550476034546439
hd91948 2459717.3584996 28.808529507903 0.23085756842014224
BLCVn 2460425.30506489 5.950000108741699 0.19231788573621492
EZBoo 2460425.35749528 -64.78183063994271 0.16736094324515313
GLDra 2460425.461033 0.8822126164287001 0.17997103034785564
TDra 2460425.52366267 -32.47423162463684 0.21661298998720524
TYUMi 2460425.39198804 -14.0163653789784 0.24737172890537837
TYUMi 2460425.41390866 9.48684115645076 0.2392512727112659
UVCrB 2460425.44403485 -12.94525347986121 0.20153978725779348
V826Her 2460425.50784289 -26.9729537910805 0.16048775359831202
hd104979 2460425.297778 6.303653110657901 0.12724050914443208
hd116514 2460425.32151371 -8.4914221700825 0.1880152763413475
hd156432 2460425.48817266 -92.9783778304451 0.249030613990271
bd+091637 2460342.49881199 59.6404922317886 0.12466562227250479
hd43389 2460341.41489142 85.4269108857839 0.19503795266058319
hd49017 2460341.43938162 27.7347741517289 0.17203689090483767
hd49641 2460341.47219568 36.6403277535435 0.11204316775971981
hd73709 2460342.52333337 71.71717689851967 0.23727592373236547
